LATENCY = -1
LOGIC_TA = 7176
LOGIC_LUTS = 34
LOGIC_AREA = 34
LOGIC_TA_LAT = 7176
LOGIC_TIME__ACTUAL_PERIOD = 4.098000
LOGIC_TIME__ACTUAL_SPEED = 244
LOGIC_TIME__TIMING_PATHS = ( 4.098000, 3.303000, 0.795000, a(1), b(0)/ena,  ), ( 4.093000, 3.298000, 0.795000, a(0), b(0)/ena,  ), ( 3.929000, 3.134000, 0.795000, a(2), b(0)/ena,  ), ( 3.929000, 3.134000, 0.795000, a(5), b(0)/ena,  ), ( 3.924000, 3.129000, 0.795000, a(4), b(0)/ena,  )

LOGIC_REGS = 29
